{
  "cells": [
    {
      "cell_type": "markdown",
      "metadata": {
        "id": "KzlBPgjlhnsp"
      },
      "source": [
        "# Formative Assignment: Advanced Linear Algebra (PCA)\n",
        "This notebook will guide you through the implementation of Principal Component Analysis (PCA). Fill in the missing code and provide the required answers in the appropriate sections. You will work with the `fuel_econ.csv` dataset.\n",
        "\n",
        "Make sure to display outputs for each code cell when submitting."
      ]
    },
    {
      "cell_type": "markdown",
      "metadata": {
        "id": "3N8Q9VNLhnsr"
      },
      "source": [
        "### Step 1: Load and Standardize the Data\n",
        "Before applying PCA, we must standardize the dataset. Standardization ensures that all features have a mean of 0 and a standard deviation of 1, which is essential for PCA.\n",
        "Fill in the code to standardize the dataset."
      ]
    },
    {
      "cell_type": "code",
      "source": [
        "from google.colab import files\n",
        "uploaded = files.upload()"
      ],
      "metadata": {
        "id": "qatugBRTjnrl",
        "outputId": "5066d9ac-f8bc-4d47-8422-d5d2884ceac4",
        "colab": {
          "base_uri": "https://localhost:8080/",
          "height": 74
        }
      },
      "execution_count": 20,
      "outputs": [
        {
          "output_type": "display_data",
          "data": {
            "text/plain": [
              "<IPython.core.display.HTML object>"
            ],
            "text/html": [
              "\n",
              "     <input type=\"file\" id=\"files-e131bf6e-3eb9-486e-b180-909a88022d4d\" name=\"files[]\" multiple disabled\n",
              "        style=\"border:none\" />\n",
              "     <output id=\"result-e131bf6e-3eb9-486e-b180-909a88022d4d\">\n",
              "      Upload widget is only available when the cell has been executed in the\n",
              "      current browser session. Please rerun this cell to enable.\n",
              "      </output>\n",
              "      <script>// Copyright 2017 Google LLC\n",
              "//\n",
              "// Licensed under the Apache License, Version 2.0 (the \"License\");\n",
              "// you may not use this file except in compliance with the License.\n",
              "// You may obtain a copy of the License at\n",
              "//\n",
              "//      http://www.apache.org/licenses/LICENSE-2.0\n",
              "//\n",
              "// Unless required by applicable law or agreed to in writing, software\n",
              "// distributed under the License is distributed on an \"AS IS\" BASIS,\n",
              "// WITHOUT WARRANTIES OR CONDITIONS OF ANY KIND, either express or implied.\n",
              "// See the License for the specific language governing permissions and\n",
              "// limitations under the License.\n",
              "\n",
              "/**\n",
              " * @fileoverview Helpers for google.colab Python module.\n",
              " */\n",
              "(function(scope) {\n",
              "function span(text, styleAttributes = {}) {\n",
              "  const element = document.createElement('span');\n",
              "  element.textContent = text;\n",
              "  for (const key of Object.keys(styleAttributes)) {\n",
              "    element.style[key] = styleAttributes[key];\n",
              "  }\n",
              "  return element;\n",
              "}\n",
              "\n",
              "// Max number of bytes which will be uploaded at a time.\n",
              "const MAX_PAYLOAD_SIZE = 100 * 1024;\n",
              "\n",
              "function _uploadFiles(inputId, outputId) {\n",
              "  const steps = uploadFilesStep(inputId, outputId);\n",
              "  const outputElement = document.getElementById(outputId);\n",
              "  // Cache steps on the outputElement to make it available for the next call\n",
              "  // to uploadFilesContinue from Python.\n",
              "  outputElement.steps = steps;\n",
              "\n",
              "  return _uploadFilesContinue(outputId);\n",
              "}\n",
              "\n",
              "// This is roughly an async generator (not supported in the browser yet),\n",
              "// where there are multiple asynchronous steps and the Python side is going\n",
              "// to poll for completion of each step.\n",
              "// This uses a Promise to block the python side on completion of each step,\n",
              "// then passes the result of the previous step as the input to the next step.\n",
              "function _uploadFilesContinue(outputId) {\n",
              "  const outputElement = document.getElementById(outputId);\n",
              "  const steps = outputElement.steps;\n",
              "\n",
              "  const next = steps.next(outputElement.lastPromiseValue);\n",
              "  return Promise.resolve(next.value.promise).then((value) => {\n",
              "    // Cache the last promise value to make it available to the next\n",
              "    // step of the generator.\n",
              "    outputElement.lastPromiseValue = value;\n",
              "    return next.value.response;\n",
              "  });\n",
              "}\n",
              "\n",
              "/**\n",
              " * Generator function which is called between each async step of the upload\n",
              " * process.\n",
              " * @param {string} inputId Element ID of the input file picker element.\n",
              " * @param {string} outputId Element ID of the output display.\n",
              " * @return {!Iterable<!Object>} Iterable of next steps.\n",
              " */\n",
              "function* uploadFilesStep(inputId, outputId) {\n",
              "  const inputElement = document.getElementById(inputId);\n",
              "  inputElement.disabled = false;\n",
              "\n",
              "  const outputElement = document.getElementById(outputId);\n",
              "  outputElement.innerHTML = '';\n",
              "\n",
              "  const pickedPromise = new Promise((resolve) => {\n",
              "    inputElement.addEventListener('change', (e) => {\n",
              "      resolve(e.target.files);\n",
              "    });\n",
              "  });\n",
              "\n",
              "  const cancel = document.createElement('button');\n",
              "  inputElement.parentElement.appendChild(cancel);\n",
              "  cancel.textContent = 'Cancel upload';\n",
              "  const cancelPromise = new Promise((resolve) => {\n",
              "    cancel.onclick = () => {\n",
              "      resolve(null);\n",
              "    };\n",
              "  });\n",
              "\n",
              "  // Wait for the user to pick the files.\n",
              "  const files = yield {\n",
              "    promise: Promise.race([pickedPromise, cancelPromise]),\n",
              "    response: {\n",
              "      action: 'starting',\n",
              "    }\n",
              "  };\n",
              "\n",
              "  cancel.remove();\n",
              "\n",
              "  // Disable the input element since further picks are not allowed.\n",
              "  inputElement.disabled = true;\n",
              "\n",
              "  if (!files) {\n",
              "    return {\n",
              "      response: {\n",
              "        action: 'complete',\n",
              "      }\n",
              "    };\n",
              "  }\n",
              "\n",
              "  for (const file of files) {\n",
              "    const li = document.createElement('li');\n",
              "    li.append(span(file.name, {fontWeight: 'bold'}));\n",
              "    li.append(span(\n",
              "        `(${file.type || 'n/a'}) - ${file.size} bytes, ` +\n",
              "        `last modified: ${\n",
              "            file.lastModifiedDate ? file.lastModifiedDate.toLocaleDateString() :\n",
              "                                    'n/a'} - `));\n",
              "    const percent = span('0% done');\n",
              "    li.appendChild(percent);\n",
              "\n",
              "    outputElement.appendChild(li);\n",
              "\n",
              "    const fileDataPromise = new Promise((resolve) => {\n",
              "      const reader = new FileReader();\n",
              "      reader.onload = (e) => {\n",
              "        resolve(e.target.result);\n",
              "      };\n",
              "      reader.readAsArrayBuffer(file);\n",
              "    });\n",
              "    // Wait for the data to be ready.\n",
              "    let fileData = yield {\n",
              "      promise: fileDataPromise,\n",
              "      response: {\n",
              "        action: 'continue',\n",
              "      }\n",
              "    };\n",
              "\n",
              "    // Use a chunked sending to avoid message size limits. See b/62115660.\n",
              "    let position = 0;\n",
              "    do {\n",
              "      const length = Math.min(fileData.byteLength - position, MAX_PAYLOAD_SIZE);\n",
              "      const chunk = new Uint8Array(fileData, position, length);\n",
              "      position += length;\n",
              "\n",
              "      const base64 = btoa(String.fromCharCode.apply(null, chunk));\n",
              "      yield {\n",
              "        response: {\n",
              "          action: 'append',\n",
              "          file: file.name,\n",
              "          data: base64,\n",
              "        },\n",
              "      };\n",
              "\n",
              "      let percentDone = fileData.byteLength === 0 ?\n",
              "          100 :\n",
              "          Math.round((position / fileData.byteLength) * 100);\n",
              "      percent.textContent = `${percentDone}% done`;\n",
              "\n",
              "    } while (position < fileData.byteLength);\n",
              "  }\n",
              "\n",
              "  // All done.\n",
              "  yield {\n",
              "    response: {\n",
              "      action: 'complete',\n",
              "    }\n",
              "  };\n",
              "}\n",
              "\n",
              "scope.google = scope.google || {};\n",
              "scope.google.colab = scope.google.colab || {};\n",
              "scope.google.colab._files = {\n",
              "  _uploadFiles,\n",
              "  _uploadFilesContinue,\n",
              "};\n",
              "})(self);\n",
              "</script> "
            ]
          },
          "metadata": {}
        },
        {
          "output_type": "stream",
          "name": "stdout",
          "text": [
            "Saving fuel_econ.csv to fuel_econ.csv\n"
          ]
        }
      ]
    },
    {
      "cell_type": "code",
      "source": [
        "import numpy as np\n",
        "import pandas as pd\n",
        "import matplotlib.pyplot as plt"
      ],
      "metadata": {
        "id": "Lb4oWgyrid9O"
      },
      "execution_count": 16,
      "outputs": []
    },
    {
      "cell_type": "code",
      "execution_count": 36,
      "metadata": {
        "id": "kVHjKGzyhnss",
        "outputId": "d34f8e61-3026-4371-dd56-ddf8b1a6d36c",
        "colab": {
          "base_uri": "https://localhost:8080/"
        }
      },
      "outputs": [
        {
          "output_type": "stream",
          "name": "stdout",
          "text": [
            "Original data contains NaNs or Infs.\n",
            "Total missing values before imputation: 23486\n",
            "Valid columns (True means column has some valid data): [ True False  True  True False False False False  True  True  True  True\n",
            "  True  True  True  True  True  True  True  True]\n",
            "Cleaned data shape after removing empty columns: (3929, 15)\n",
            "Missing values have been imputed; data is now clean.\n",
            "Standardized Data Sample:\n",
            " [[-1.73714048  0.         -1.47583548  0.28310163  0.65053594  1.46709627\n",
            "  -1.21737766 -0.85996012 -0.85242986 -1.29062982 -1.39247459 -1.00832279\n",
            "   1.02283829 -0.95057953 -0.94575548]\n",
            " [-1.73668367  0.         -1.47583548 -0.78181585 -0.72799833  1.86476224\n",
            "  -1.21737766  0.00642675 -0.11743408  0.18494654 -0.03920038  0.07186379\n",
            "  -0.29854998  0.1886082   0.1942578 ]\n",
            " [-1.73622685  0.         -1.47583548  0.28310163  0.49736547  1.86476224\n",
            "  -1.21737766 -0.69441634 -0.75324472 -0.5920197  -0.85174957 -0.68633929\n",
            "   0.56793413 -0.38098566 -0.37574884]\n",
            " [-1.73577004  0.         -1.47583548  0.28310163  0.49736547  1.86476224\n",
            "  -1.21737766 -0.78280029 -0.830286   -0.82738386 -1.02758796 -0.81865124\n",
            "   0.752062   -0.38098566 -0.37574884]\n",
            " [-1.73531322  0.         -1.47583548 -0.78181585 -0.42165738 -0.62727784\n",
            "   0.73489021  0.47108294  0.43314691  0.96751585  0.99253135  0.64805881\n",
            "  -0.72096098  1.32779592  1.33427108]]\n"
          ]
        }
      ],
      "source": [
        "\n",
        "\n",
        "# Load the data\n",
        "fuel_data = np.genfromtxt('fuel_econ.csv', delimiter=',', skip_header=1)\n",
        "\n",
        "# Check for NaNs or Infs in the original data\n",
        "if np.isnan(fuel_data).any() or np.isinf(fuel_data).any():\n",
        "    print(\"Original data contains NaNs or Infs.\")\n",
        "else:\n",
        "    print(\"Original data is clean.\")\n",
        "\n",
        "print(\"Total missing values before imputation:\", np.isnan(fuel_data).sum())\n",
        "\n",
        "# Identify columns that are completely NaN\n",
        "valid_columns = ~np.all(np.isnan(fuel_data), axis=0)\n",
        "print(\"Valid columns (True means column has some valid data):\", valid_columns)\n",
        "\n",
        "# Remove columns that are completely NaN\n",
        "fuel_data_clean = fuel_data[:, valid_columns]\n",
        "print(\"Cleaned data shape after removing empty columns:\", fuel_data_clean.shape)\n",
        "\n",
        "# Impute missing values by replacing NaNs with the column mean\n",
        "col_means = np.nanmean(fuel_data_clean, axis=0)\n",
        "inds = np.where(np.isnan(fuel_data_clean))\n",
        "fuel_data_clean[inds] = np.take(col_means, inds[1])\n",
        "\n",
        "# Verify that the data is now clean\n",
        "if np.isnan(fuel_data_clean).any() or np.isinf(fuel_data_clean).any():\n",
        "    print(\"Data still contains NaNs or Infs after imputation.\")\n",
        "else:\n",
        "    print(\"Missing values have been imputed; data is now clean.\")\n",
        "\n",
        "# Standardize the data (Z-score normalization)\n",
        "mean = np.mean(fuel_data_clean, axis=0)\n",
        "std_dev = np.std(fuel_data_clean, axis=0)\n",
        "standardized_data = (fuel_data_clean - mean) / std_dev\n",
        "print(\"Standardized Data Sample:\\n\", standardized_data[:5])\n",
        "\n",
        "\n",
        "\n",
        " # Display the first few rows of standardized datatd_dev = np.std(fuel_data\n",
        "  # Do not use sklearn (Data - Data Mean)/ Data's Standard Deviation\n"
      ]
    },
    {
      "cell_type": "markdown",
      "metadata": {
        "id": "Og_bOZTMhnsu"
      },
      "source": [
        "### Step 3: Calculate the Covariance Matrix\n",
        "The covariance matrix helps us understand how the features are related to each other. It is a key component in PCA."
      ]
    },
    {
      "cell_type": "code",
      "execution_count": 37,
      "metadata": {
        "id": "NXZxWrhNhnsu",
        "outputId": "956eade2-dd92-424b-9ba7-6d744b21cef9",
        "colab": {
          "base_uri": "https://localhost:8080/"
        }
      },
      "outputs": [
        {
          "output_type": "stream",
          "name": "stdout",
          "text": [
            "Covariance Matrix:\n",
            " [[ 1.00025458  0.00196682  0.98591866 -0.06011148 -0.07468488 -0.00657025\n",
            "  -0.02195656  0.09182316  0.09124849  0.0906161   0.09538375  0.09382686\n",
            "  -0.09974229 -0.1279056  -0.12235207]\n",
            " [ 0.00196682  1.00025458 -0.00460566  0.01972883 -0.00392435 -0.00888096\n",
            "  -0.04956249 -0.00608761 -0.00629619 -0.01807597 -0.0181764  -0.01075999\n",
            "   0.00977688 -0.00594106 -0.00594537]\n",
            " [ 0.98591866 -0.00460566  1.00025458 -0.05532701 -0.07044161  0.00623397\n",
            "  -0.03365174  0.06806739  0.06675938  0.07330836  0.07766039  0.07201181\n",
            "  -0.0811853  -0.1498676  -0.14517775]\n",
            " [-0.06011148  0.01972883 -0.05532701  1.00025458  0.93411019  0.24763384\n",
            "  -0.00426546 -0.69327904 -0.66619842 -0.76646982 -0.77169964 -0.73821112\n",
            "   0.84848979 -0.78405759 -0.78201448]\n",
            " [-0.07468488 -0.00392435 -0.07044161  0.93411019  1.00025458  0.2594021\n",
            "   0.02207729 -0.71366074 -0.6863403  -0.78418374 -0.78865771 -0.75859024\n",
            "   0.85559254 -0.7936343  -0.79141752]\n",
            " [-0.00657025 -0.00888096  0.00623397  0.24763384  0.2594021   1.00025458\n",
            "  -0.66581137 -0.27817962 -0.27261515 -0.29688365 -0.29858023 -0.29095711\n",
            "   0.28727323 -0.2961638  -0.29323103]\n",
            " [-0.02195656 -0.04956249 -0.03365174 -0.00426546  0.02207729 -0.66581137\n",
            "   1.00025458  0.03519659  0.03787859  0.07497068  0.07746161  0.04734493\n",
            "  -0.05016567  0.06489226  0.06527952]\n",
            " [ 0.09182316 -0.00608761  0.06806739 -0.69327904 -0.71366074 -0.27817962\n",
            "   0.03519659  1.00025458  0.99663082  0.9156677   0.90989004  0.98980432\n",
            "  -0.90453509  0.9059112   0.89902154]\n",
            " [ 0.09124849 -0.00629619  0.06675938 -0.66619842 -0.6863403  -0.27261515\n",
            "   0.03787859  0.99663082  1.00025458  0.89978578  0.89804238  0.98135571\n",
            "  -0.8860481   0.89152389  0.88468357]\n",
            " [ 0.0906161  -0.01807597  0.07330836 -0.76646982 -0.78418374 -0.29688365\n",
            "   0.07497068  0.9156677   0.89978578  1.00025458  0.99244327  0.9630022\n",
            "  -0.91668944  0.91434884  0.89781322]\n",
            " [ 0.09538375 -0.0181764   0.07766039 -0.77169964 -0.78865771 -0.29858023\n",
            "   0.07746161  0.90989004  0.89804238  0.99244327  1.00025458  0.95682339\n",
            "  -0.91234956  0.91158665  0.89454192]\n",
            " [ 0.09382686 -0.01075999  0.07201181 -0.73821112 -0.75859024 -0.29095711\n",
            "   0.04734493  0.98980432  0.98135571  0.9630022   0.95682339  1.00025458\n",
            "  -0.92963549  0.92909879  0.91904062]\n",
            " [-0.09974229  0.00977688 -0.0811853   0.84848979  0.85559254  0.28727323\n",
            "  -0.05016567 -0.90453509 -0.8860481  -0.91668944 -0.91234956 -0.92963549\n",
            "   1.00025458 -0.94086368 -0.94480617]\n",
            " [-0.1279056  -0.00594106 -0.1498676  -0.78405759 -0.7936343  -0.2961638\n",
            "   0.06489226  0.9059112   0.89152389  0.91434884  0.91158665  0.92909879\n",
            "  -0.94086368  1.00025458  0.99448412]\n",
            " [-0.12235207 -0.00594537 -0.14517775 -0.78201448 -0.79141752 -0.29323103\n",
            "   0.06527952  0.89902154  0.88468357  0.89781322  0.89454192  0.91904062\n",
            "  -0.94480617  0.99448412  1.00025458]]\n"
          ]
        }
      ],
      "source": [
        "# Step 3: Calculate the Covariance Matrix\n",
        "cov_matrix = np.cov(standardized_data.T)\n",
        "print(\"Covariance Matrix:\\n\", cov_matrix)\n",
        " # Calculate covariance matrix\n"
      ]
    },
    {
      "cell_type": "markdown",
      "metadata": {
        "id": "sHr3qwXMhnsv"
      },
      "source": [
        "### Step 4: Perform Eigendecomposition\n",
        "Eigendecomposition of the covariance matrix will give us the eigenvalues and eigenvectors, which are essential for PCA.\n",
        "Fill in the code to compute the eigenvalues and eigenvectors of the covariance matrix."
      ]
    },
    {
      "cell_type": "code",
      "execution_count": 38,
      "metadata": {
        "id": "XTRW1PsAhnsv",
        "outputId": "e4a7e922-acad-42b9-f647-e6ae59c017c7",
        "colab": {
          "base_uri": "https://localhost:8080/"
        }
      },
      "outputs": [
        {
          "output_type": "stream",
          "name": "stdout",
          "text": [
            "Eigenvalues:\n",
            " [8.95732900e+00 2.06778038e+00 1.59494985e+00 1.00194965e+00\n",
            " 6.70557348e-01 2.98937017e-01 1.60951709e-01 1.25503044e-01\n",
            " 6.38156096e-02 3.23497255e-02 1.36732332e-02 9.24625749e-03\n",
            " 4.24529590e-03 2.14355387e-03 3.87052395e-04]\n",
            "Eigenvectors:\n",
            " [[ 1.89941195e-02 -6.87672844e-01  7.63944753e-02 -6.94956993e-03\n",
            "   1.84471294e-02 -1.55370697e-02  6.98290832e-02  1.14700572e-01\n",
            "   4.89076862e-03 -1.14831542e-01 -6.95588923e-01 -6.84212848e-02\n",
            "   2.14431336e-02 -7.15778098e-03  4.31383588e-04]\n",
            " [-3.87968261e-03 -8.78560064e-04 -4.69031125e-02 -9.96700865e-01\n",
            "   9.51988977e-03 -6.24277260e-02 -8.91554202e-03 -7.40466334e-03\n",
            "   1.48655822e-02  1.82257716e-03  4.85855299e-03  1.18213229e-04\n",
            "  -1.04928719e-03  1.68552117e-04  6.62677806e-04]\n",
            " [ 1.24712410e-02 -6.89498247e-01  6.89182398e-02  3.63883448e-04\n",
            "  -9.46913128e-03 -1.32210830e-02  3.37982027e-02  8.55377872e-02\n",
            "  -8.59196904e-03 -5.52271239e-02  7.10352110e-01  5.59250142e-02\n",
            "  -9.85072483e-03 -2.77951656e-04 -3.81939135e-03]\n",
            " [-2.81635236e-01  1.98536239e-02  5.57583327e-02 -1.28489152e-02\n",
            "   6.01184460e-01  9.37995462e-02 -7.19548749e-02  2.52741018e-01\n",
            "  -6.80312737e-01  1.19101322e-01  1.24588082e-03  1.99282033e-02\n",
            "   1.61955506e-02  8.01128268e-03 -9.99209390e-04]\n",
            " [-2.86134650e-01  3.10677709e-02  6.43356872e-02  1.32894532e-02\n",
            "   5.68844951e-01 -9.42150009e-03  9.97189216e-04  2.42969249e-01\n",
            "   7.25624618e-01  5.32350494e-02  1.98136074e-02  2.67263654e-03\n",
            "   2.56560677e-03  1.81511617e-02  6.07015417e-03]\n",
            " [-1.13739542e-01 -6.35647423e-02 -6.66553378e-01  7.68660664e-02\n",
            "   1.10920727e-01 -7.12257519e-01  5.56427800e-02 -8.45075322e-02\n",
            "  -5.12909275e-02 -1.67695740e-02 -8.03015793e-04 -5.07774224e-03\n",
            "   2.41023966e-03  4.79042454e-03  1.43371587e-03]\n",
            " [ 2.70990833e-02  8.30115240e-02  7.27761736e-01  6.55340597e-03\n",
            "   4.16392746e-02 -6.60287106e-01  8.61495121e-02 -1.17180012e-01\n",
            "  -5.88353023e-02 -1.48917654e-02  6.55070006e-03 -7.56801380e-03\n",
            "   3.33287354e-03  5.50406221e-03  1.97563219e-03]\n",
            " [ 3.18047627e-01 -2.85176822e-02 -3.10619150e-02 -2.34491937e-03\n",
            "   3.07831128e-01  9.13151723e-02  2.34350159e-01 -3.48019307e-01\n",
            "  -1.44526507e-03  4.43185149e-03  1.70947679e-02 -1.66945584e-01\n",
            "   2.83225480e-02  4.69803570e-01 -6.06814517e-01]\n",
            " [ 3.13251894e-01 -2.82962012e-02 -2.89495969e-02 -1.93517993e-03\n",
            "   3.50278448e-01  9.60813486e-02  2.62562913e-01 -4.00489875e-01\n",
            "   5.97565176e-03 -5.01693138e-02 -1.88139857e-02  3.40244350e-01\n",
            "  -3.70990774e-02 -6.39664291e-01  9.87578477e-02]\n",
            " [ 3.22312605e-01 -2.87422581e-02 -7.17910544e-03  1.04844869e-02\n",
            "   1.06585477e-01 -8.16530331e-02 -5.79339567e-01  6.88400605e-02\n",
            "   2.84284308e-02  9.30422609e-02  3.50930986e-02 -5.54426070e-01\n",
            "  -8.11857013e-02 -4.06932609e-01 -2.15536393e-01]\n",
            " [ 3.21800133e-01 -3.18800205e-02 -4.80758466e-03  1.04584423e-02\n",
            "   9.23962524e-02 -8.61305398e-02 -5.99035749e-01  5.32519453e-02\n",
            "   3.37085983e-02 -3.72222877e-02 -6.91948572e-02  6.60367303e-01\n",
            "  -1.66215677e-02  2.69957115e-01 -3.33604318e-02]\n",
            " [ 3.26429250e-01 -2.95458612e-02 -2.46486811e-02  2.35981412e-03\n",
            "   2.32056675e-01  3.62273732e-02 -3.47592678e-02 -1.98130028e-01\n",
            "   4.31354722e-04  2.43498028e-02  2.75161835e-02 -3.06930989e-01\n",
            "  -1.46807156e-03  3.55675252e-01  7.57804402e-01]\n",
            " [-3.24686000e-01  3.09661469e-02  2.93563367e-02 -1.02580552e-03\n",
            "   8.19132528e-02  7.50799415e-02 -2.54384001e-01 -3.27916237e-01\n",
            "  -2.44811557e-02 -8.31157387e-01  2.84956648e-02 -9.59940430e-02\n",
            "  -8.09475040e-02  1.25704081e-02 -3.30052944e-03]\n",
            " [ 3.21896747e-01  1.31941093e-01 -3.66893699e-02 -2.24489590e-03\n",
            "   4.07794189e-02 -4.69844627e-02  1.49473241e-01  4.11660200e-01\n",
            "  -1.93419098e-02 -3.95235450e-01  5.06273357e-02 -3.41685213e-02\n",
            "   7.19819696e-01 -5.89122949e-02 -4.37875741e-03]\n",
            " [ 3.19827763e-01  1.29267142e-01 -3.66415005e-02 -2.38879333e-03\n",
            "   2.93133584e-02 -5.19316147e-02  2.67594128e-01  4.79952593e-01\n",
            "  -3.57288466e-02 -3.25626693e-01  1.72254634e-02 -2.07573648e-03\n",
            "  -6.82213535e-01  3.18028578e-02 -9.87818280e-03]]\n"
          ]
        }
      ],
      "source": [
        "# Step 4: Perform Eigendecomposition\n",
        "eigenvalues, eigenvectors = np.linalg.eig(cov_matrix)\n",
        "print(\"Eigenvalues:\\n\", eigenvalues)\n",
        "print(\"Eigenvectors:\\n\", eigenvectors)\n",
        " # Perform eigendecomposition\n"
      ]
    },
    {
      "cell_type": "markdown",
      "metadata": {
        "id": "_AEupDXRhnsv"
      },
      "source": [
        "### Step 5: Sort Principal Components\n",
        "Sort the eigenvectors based on their corresponding eigenvalues in descending order. The higher the eigenvalue, the more important the eigenvector.\n",
        "Complete the code to sort the eigenvectors and print the sorted components."
      ]
    },
    {
      "cell_type": "code",
      "execution_count": 39,
      "metadata": {
        "id": "L594daJnhnsw",
        "outputId": "e2c04c56-c758-4319-b99c-124419e65278",
        "colab": {
          "base_uri": "https://localhost:8080/"
        }
      },
      "outputs": [
        {
          "output_type": "stream",
          "name": "stdout",
          "text": [
            "Sorted Eigenvalues:\n",
            " [8.95732900e+00 2.06778038e+00 1.59494985e+00 1.00194965e+00\n",
            " 6.70557348e-01 2.98937017e-01 1.60951709e-01 1.25503044e-01\n",
            " 6.38156096e-02 3.23497255e-02 1.36732332e-02 9.24625749e-03\n",
            " 4.24529590e-03 2.14355387e-03 3.87052395e-04]\n"
          ]
        }
      ],
      "source": [
        "# Step 5: Sort Principal Components\n",
        "sorted_indices = np.argsort(eigenvalues)[::-1]  # Indices sorted in descending order\n",
        "sorted_eigenvalues = eigenvalues[sorted_indices]\n",
        "sorted_eigenvectors = eigenvectors[:, sorted_indices]\n",
        "print(\"Sorted Eigenvalues:\\n\", sorted_eigenvalues)"
      ]
    },
    {
      "cell_type": "markdown",
      "metadata": {
        "id": "w4S8NRGNhnsw"
      },
      "source": [
        "### Step 6: Project Data onto Principal Components\n",
        "Now that we’ve selected the number of components, we will project the original data onto the chosen principal components.\n",
        "Fill in the code to perform the projection."
      ]
    },
    {
      "cell_type": "code",
      "execution_count": 42,
      "metadata": {
        "id": "A7ZR3GQihnsw",
        "outputId": "a41ab453-22bc-4fb3-f6b7-980291e9688f",
        "colab": {
          "base_uri": "https://localhost:8080/"
        }
      },
      "outputs": [
        {
          "output_type": "stream",
          "name": "stdout",
          "text": [
            "Reduced Data Shape: (3929, 2)\n",
            "Reduced Data Sample:\n",
            " [[-3.19146285  1.98761148]\n",
            " [ 0.38750146  1.99182919]\n",
            " [-2.09149129  2.03733761]\n",
            " [-2.37914613  2.06370559]\n",
            " [ 2.59726417  2.50422333]]\n"
          ]
        }
      ],
      "source": [
        "# Step 6: Project Data onto Principal Components\n",
        "# Step 6: Project Data onto Principal Components\n",
        "num_components = 2  # Select the number of principal components\n",
        "projection_matrix = sorted_eigenvectors[:, :num_components]\n",
        "reduced_data = np.dot(standardized_data, projection_matrix)\n",
        "print(\"Reduced Data Shape:\", reduced_data.shape)\n",
        "print(\"Reduced Data Sample:\\n\", reduced_data[:5])\n"
      ]
    },
    {
      "cell_type": "markdown",
      "metadata": {
        "id": "OkZOknwqhnsw"
      },
      "source": [
        "### Step 7: Output the Reduced Data\n",
        "Finally, display the reduced data obtained by projecting the original dataset onto the selected principal components."
      ]
    },
    {
      "cell_type": "code",
      "execution_count": 43,
      "metadata": {
        "id": "ApyH4VJ9hnsx",
        "outputId": "74c06f13-8a92-4aee-ffc4-2065e2517f1f",
        "colab": {
          "base_uri": "https://localhost:8080/"
        }
      },
      "outputs": [
        {
          "output_type": "stream",
          "name": "stdout",
          "text": [
            "Reduced Data Shape: (3929, 2)\n"
          ]
        },
        {
          "output_type": "execute_result",
          "data": {
            "text/plain": [
              "array([[-3.19146285,  1.98761148],\n",
              "       [ 0.38750146,  1.99182919],\n",
              "       [-2.09149129,  2.03733761],\n",
              "       [-2.37914613,  2.06370559],\n",
              "       [ 2.59726417,  2.50422333]])"
            ]
          },
          "metadata": {},
          "execution_count": 43
        }
      ],
      "source": [
        "# Step 7: Output the Reduced Data\n",
        "print(f'Reduced Data Shape: {reduced_data.shape}')  # Display reduced data shape\n",
        "reduced_data[:5]  # Display the first few rows of reduced data"
      ]
    },
    {
      "cell_type": "markdown",
      "metadata": {
        "id": "zrtnxAdIhnsx"
      },
      "source": [
        "### Step 8: Visualize Before and After PCA\n",
        "Now, let's plot the original data and the data after PCA to compare the reduction in dimensions visually."
      ]
    },
    {
      "cell_type": "code",
      "execution_count": 44,
      "metadata": {
        "id": "K3JQ5xZIhnsx",
        "outputId": "a24f07f0-4992-4d94-d953-14addf3df62d",
        "colab": {
          "base_uri": "https://localhost:8080/",
          "height": 487
        }
      },
      "outputs": [
        {
          "output_type": "display_data",
          "data": {
            "text/plain": [
              "<Figure size 1200x500 with 2 Axes>"
            ],
